(dlv) source find_array_elem.star
(dlv) break m65 main.go:65
Breakpoint m65 set at 0x4b67b7 for main.consumeValues() ./main.go:65
(dlv) cond m65 len(buf) == 100
(dlv) continue
> [m65] main.consumeValues() ./main.go:65 (hits goroutine(36):1 total:1) (PC: 0x4b67b7)
    60:				return
    61:			case pkt := <-ch:
    62:				// Store data in our buffer.
    63:				buf = append(buf, pkt)
    64:	
=>  65:				fmt.Println("got value:", binary.LittleEndian.Uint64(pkt.val))
    66:	
    67:				if bytes.Contains(pkt.val, []byte{0xcc, 0xff}) {
    68:					fmt.Printf("got invalid packet with ID: %d\n", pkt.id)
    69:				}
    70:			}
(dlv) print buf
[]main.packet len: 100, cap: 128, [
	{
		id: 5577006791947779410,
		val: []uint8 len: 64, cap: 64, [27,57,163,111,221,47,43,183,63,230,4,100,108,16,186,76,87,42,177,58,38,85,158,222,220,152,245,163,76,135,76,194,86,33,230,91,164,133,37,41,181,164,233,193,178,191,142,26,143,143,240,90,49,9,91,132,105,108,99,129,235,154,211,122],},
	{
		id: 7504504064263669287,
		val: []uint8 len: 64, cap: 64, [27,57,163,111,221,47,43,183,63,230,4,100,108,16,186,76,87,42,177,58,38,85,158,222,220,152,245,163,76,135,76,194,86,33,230,91,164,133,37,41,181,164,233,193,178,191,142,26,143,143,240,90,49,9,91,132,105,108,99,129,235,154,211,122],},
	{
		id: 3328451335138149956,
		val: []uint8 len: 64, cap: 64, [27,57,163,111,221,47,43,183,63,230,4,100,108,16,186,76,87,42,177,58,38,85,158,222,220,152,245,163,76,135,76,194,86,33,230,91,164,133,37,41,181,164,233,193,178,191,142,26,143,143,240,90,49,9,91,132,105,108,99,129,235,154,211,122],},
	{
		id: 261049867304784443,
		val: []uint8 len: 64, cap: 64, [27,57,163,111,221,47,43,183,63,230,4,100,108,16,186,76,87,42,177,58,38,85,158,222,220,152,245,163,76,135,76,194,86,33,230,91,164,133,37,41,181,164,233,193,178,191,142,26,143,143,240,90,49,9,91,132,105,108,99,129,235,154,211,122],},
	{
		id: 4990765271833742716,
		val: []uint8 len: 64, cap: 64, [27,57,163,111,221,47,43,183,63,230,4,100,108,16,186,76,87,42,177,58,38,85,158,222,220,152,245,163,76,135,76,194,86,33,230,91,164,133,37,41,181,164,233,193,178,191,142,26,143,143,240,90,49,9,91,132,105,108,99,129,235,154,211,122],},
	{
		id: 2740376916591569721,
		val: []uint8 len: 64, cap: 64, [27,57,163,111,221,47,43,183,63,230,4,100,108,16,186,76,87,42,177,58,38,85,158,222,220,152,245,163,76,135,76,194,86,33,230,91,164,133,37,41,181,164,233,193,178,191,142,26,143,143,240,90,49,9,91,132,105,108,99,129,235,154,211,122],},
	{
		id: 6842348953158377901,
		val: []uint8 len: 64, cap: 64, [27,57,163,111,221,47,43,183,63,230,4,100,108,16,186,76,87,42,177,58,38,85,158,222,220,152,245,163,76,135,76,194,86,33,230,91,164,133,37,41,181,164,233,193,178,191,142,26,143,143,240,90,49,9,91,132,105,108,99,129,235,154,211,122],},
	{
		id: 4548432111829895923,
		val: []uint8 len: 64, cap: 64, [27,57,163,111,221,47,43,183,63,230,4,100,108,16,186,76,87,42,177,58,38,85,158,222,220,152,245,163,76,135,76,194,86,33,230,91,164,133,37,41,181,164,233,193,178,191,142,26,143,143,240,90,49,9,91,132,105,108,99,129,235,154,211,122],},
	{
		id: 1205043859388862788,
		val: []uint8 len: 64, cap: 64, [27,57,163,111,221,47,43,183,63,230,4,100,108,16,186,76,87,42,177,58,38,85,158,222,220,152,245,163,76,135,76,194,86,33,230,91,164,133,37,41,181,164,233,193,178,191,142,26,143,143,240,90,49,9,91,132,105,108,99,129,235,154,211,122],},
	{
		id: 2184302455902443631,
		val: []uint8 len: 64, cap: 64, [27,57,163,111,221,47,43,183,63,230,4,100,108,16,186,76,87,42,177,58,38,85,158,222,220,152,245,163,76,135,76,194,86,33,230,91,164,133,37,41,181,164,233,193,178,191,142,26,143,143,240,90,49,9,91,132,105,108,99,129,235,154,211,122],},
	{
		id: 5074209722772702441,
		val: []uint8 len: 64, cap: 64, [27,57,163,111,221,47,43,183,63,230,4,100,108,16,186,76,87,42,177,58,38,85,158,222,220,152,245,163,76,135,76,194,86,33,230,91,164,133,37,41,181,164,233,193,178,191,142,26,143,143,240,90,49,9,91,132,105,108,99,129,235,154,211,122],},
	{
		id: 273669266008440571,
		val: []uint8 len: 64, cap: 64, [27,57,163,111,221,47,43,183,63,230,4,100,108,16,186,76,87,42,177,58,38,85,158,222,220,152,245,163,76,135,76,194,86,33,230,91,164,133,37,41,181,164,233,193,178,191,142,26,143,143,240,90,49,9,91,132,105,108,99,129,235,154,211,122],},
	{
		id: 242253255677188752,
		val: []uint8 len: 64, cap: 64, [27,57,163,111,221,47,43,183,63,230,4,100,108,16,186,76,87,42,177,58,38,85,158,222,220,152,245,163,76,135,76,194,86,33,230,91,164,133,37,41,181,164,233,193,178,191,142,26,143,143,240,90,49,9,91,132,105,108,99,129,235,154,211,122],},
	{
		id: 4973335412664053511,
		val: []uint8 len: 64, cap: 64, [27,57,163,111,221,47,43,183,63,230,4,100,108,16,186,76,87,42,177,58,38,85,158,222,220,152,245,163,76,135,76,194,86,33,230,91,164,133,37,41,181,164,233,193,178,191,142,26,143,143,240,90,49,9,91,132,105,108,99,129,235,154,211,122],},
	{
		id: 4596876061716608039,
		val: []uint8 len: 64, cap: 64, [27,57,163,111,221,47,43,183,63,230,4,100,108,16,186,76,87,42,177,58,38,85,158,222,220,152,245,163,76,135,76,194,86,33,230,91,164,133,37,41,181,164,233,193,178,191,142,26,143,143,240,90,49,9,91,132,105,108,99,129,235,154,211,122],},
	{
		id: 8835565338717500304,
		val: []uint8 len: 64, cap: 64, [27,57,163,111,221,47,43,183,63,230,4,100,108,16,186,76,87,42,177,58,38,85,158,222,220,152,245,163,76,135,76,194,86,33,230,91,164,133,37,41,181,164,233,193,178,191,142,26,143,143,240,90,49,9,91,132,105,108,99,129,235,154,211,122],},
	{
		id: 4799660975768660701,
		val: []uint8 len: 64, cap: 64, [27,57,163,111,221,47,43,183,63,230,4,100,108,16,186,76,87,42,177,58,38,85,158,222,220,152,245,163,76,135,76,194,86,33,230,91,164,133,37,41,181,164,233,193,178,191,142,26,143,143,240,90,49,9,91,132,105,108,99,129,235,154,211,122],},
	{
		id: 4729576928770978365,
		val: []uint8 len: 64, cap: 64, [27,57,163,111,221,47,43,183,63,230,4,100,108,16,186,76,87,42,177,58,38,85,158,222,220,152,245,163,76,135,76,194,86,33,230,91,164,133,37,41,181,164,233,193,178,191,142,26,143,143,240,90,49,9,91,132,105,108,99,129,235,154,211,122],},
	{
		id: 3404454616782090989,
		val: []uint8 len: 64, cap: 64, [27,57,163,111,221,47,43,183,63,230,4,100,108,16,186,76,87,42,177,58,38,85,158,222,220,152,245,163,76,135,76,194,86,33,230,91,164,133,37,41,181,164,233,193,178,191,142,26,143,143,240,90,49,9,91,132,105,108,99,129,235,154,211,122],},
	{
		id: 3056332746016649150,
		val: []uint8 len: 64, cap: 64, [27,57,163,111,221,47,43,183,63,230,4,100,108,16,186,76,87,42,177,58,38,85,158,222,220,152,245,163,76,135,76,194,86,33,230,91,164,133,37,41,181,164,233,193,178,191,142,26,143,143,240,90,49,9,91,132,105,108,99,129,235,154,211,122],},
	{
		id: 6591905403151965609,
		val: []uint8 len: 64, cap: 64, [27,57,163,111,221,47,43,183,63,230,4,100,108,16,186,76,87,42,177,58,38,85,158,222,220,152,245,163,76,135,76,194,86,33,230,91,164,133,37,41,181,164,233,193,178,191,142,26,143,143,240,90,49,9,91,132,105,108,99,129,235,154,211,122],},
	{
		id: 4136353673894269217,
		val: []uint8 len: 64, cap: 64, [27,57,163,111,221,47,43,183,63,230,4,100,108,16,186,76,87,42,177,58,38,85,158,222,220,152,245,163,76,135,76,194,86,33,230,91,164,133,37,41,181,164,233,193,178,191,142,26,143,143,240,90,49,9,91,132,105,108,99,129,235,154,211,122],},
	{
		id: 5949433439528292143,
		val: []uint8 len: 64, cap: 64, [27,57,163,111,221,47,43,183,63,230,4,100,108,16,186,76,87,42,177,58,38,85,158,222,220,152,245,163,76,135,76,194,86,33,230,91,164,133,37,41,181,164,233,193,178,191,142,26,143,143,240,90,49,9,91,132,105,108,99,129,235,154,211,122],},
	{
		id: 668218148154650895,
		val: []uint8 len: 64, cap: 64, [27,57,163,111,221,47,43,183,63,230,4,100,108,16,186,76,87,42,177,58,38,85,158,222,220,152,245,163,76,135,76,194,86,33,230,91,164,133,37,41,181,164,233,193,178,191,142,26,143,143,240,90,49,9,91,132,105,108,99,129,235,154,211,122],},
	{
		id: 5804560326627778270,
		val: []uint8 len: 64, cap: 64, [27,57,163,111,221,47,43,183,63,230,4,100,108,16,186,76,87,42,177,58,38,85,158,222,220,152,245,163,76,135,76,194,86,33,230,91,164,133,37,41,181,164,233,193,178,191,142,26,143,143,240,90,49,9,91,132,105,108,99,129,235,154,211,122],},
	{
		id: 7699724105011177687,
		val: []uint8 len: 64, cap: 64, [27,57,163,111,221,47,43,183,63,230,4,100,108,16,186,76,87,42,177,58,38,85,158,222,220,152,245,163,76,135,76,194,86,33,230,91,164,133,37,41,181,164,233,193,178,191,142,26,143,143,240,90,49,9,91,132,105,108,99,129,235,154,211,122],},
	{
		id: 3849151503115641777,
		val: []uint8 len: 64, cap: 64, [27,57,163,111,221,47,43,183,63,230,4,100,108,16,186,76,87,42,177,58,38,85,158,222,220,152,245,163,76,135,76,194,86,33,230,91,164,133,37,41,181,164,233,193,178,191,142,26,143,143,240,90,49,9,91,132,105,108,99,129,235,154,211,122],},
	{
		id: 8345087844562772862,
		val: []uint8 len: 64, cap: 64, [27,57,163,111,221,47,43,183,63,230,4,100,108,16,186,76,87,42,177,58,38,85,158,222,220,152,245,163,76,135,76,194,86,33,230,91,164,133,37,41,181,164,233,193,178,191,142,26,143,143,240,90,49,9,91,132,105,108,99,129,235,154,211,122],},
	{
		id: 7701031483633715557,
		val: []uint8 len: 64, cap: 64, [27,57,163,111,221,47,43,183,63,230,4,100,108,16,186,76,87,42,177,58,38,85,158,222,220,152,245,163,76,135,76,194,86,33,230,91,164,133,37,41,181,164,233,193,178,191,142,26,143,143,240,90,49,9,91,132,105,108,99,129,235,154,211,122],},
	{
		id: 1979831076014665824,
		val: []uint8 len: 64, cap: 64, [27,57,163,111,221,47,43,183,63,230,4,100,108,16,186,76,87,42,177,58,38,85,158,222,220,152,245,163,76,135,76,194,86,33,230,91,164,133,37,41,181,164,233,193,178,191,142,26,143,143,240,90,49,9,91,132,105,108,99,129,235,154,211,122],},
	{
		id: 2989977065976802023,
		val: []uint8 len: 64, cap: 64, [27,57,163,111,221,47,43,183,63,230,4,100,108,16,186,76,87,42,177,58,38,85,158,222,220,152,245,163,76,135,76,194,86,33,230,91,164,133,37,41,181,164,233,193,178,191,142,26,143,143,240,90,49,9,91,132,105,108,99,129,235,154,211,122],},
	{
		id: 1236708117295664816,
		val: []uint8 len: 64, cap: 64, [27,57,163,111,221,47,43,183,63,230,4,100,108,16,186,76,87,42,177,58,38,85,158,222,220,152,245,163,76,135,76,194,86,33,230,91,164,133,37,41,181,164,233,193,178,191,142,26,143,143,240,90,49,9,91,132,105,108,99,129,235,154,211,122],},
	{
		id: 6555455521637047278,
		val: []uint8 len: 64, cap: 64, [27,57,163,111,221,47,43,183,63,230,4,100,108,16,186,76,87,42,177,58,38,85,158,222,220,152,245,163,76,135,76,194,86,33,230,91,164,133,37,41,181,164,233,193,178,191,142,26,143,143,240,90,49,9,91,132,105,108,99,129,235,154,211,122],},
	{
		id: 2908700881822148014,
		val: []uint8 len: 64, cap: 64, [27,57,163,111,221,47,43,183,63,230,4,100,108,16,186,76,87,42,177,58,38,85,158,222,220,152,245,163,76,135,76,194,86,33,230,91,164,133,37,41,181,164,233,193,178,191,142,26,143,143,240,90,49,9,91,132,105,108,99,129,235,154,211,122],},
	{
		id: 8767951844524310712,
		val: []uint8 len: 64, cap: 64, [27,57,163,111,221,47,43,183,63,230,4,100,108,16,186,76,87,42,177,58,38,85,158,222,220,152,245,163,76,135,76,194,86,33,230,91,164,133,37,41,181,164,233,193,178,191,142,26,143,143,240,90,49,9,91,132,105,108,99,129,235,154,211,122],},
	{
		id: 897079919269759687,
		val: []uint8 len: 64, cap: 64, [27,57,163,111,221,47,43,183,63,230,4,100,108,16,186,76,87,42,177,58,38,85,158,222,220,152,245,163,76,135,76,194,86,33,230,91,164,133,37,41,181,164,233,193,178,191,142,26,143,143,240,90,49,9,91,132,105,108,99,129,235,154,211,122],},
	{
		id: 4920221184931143134,
		val: []uint8 len: 64, cap: 64, [27,57,163,111,221,47,43,183,63,230,4,100,108,16,186,76,87,42,177,58,38,85,158,222,220,152,245,163,76,135,76,194,86,33,230,91,164,133,37,41,181,164,233,193,178,191,142,26,143,143,240,90,49,9,91,132,105,108,99,129,235,154,211,122],},
	{
		id: 2117442618385149471,
		val: []uint8 len: 64, cap: 64, [27,57,163,111,221,47,43,183,63,230,4,100,108,16,186,76,87,42,177,58,38,85,158,222,220,152,245,163,76,135,76,194,86,33,230,91,164,133,37,41,181,164,233,193,178,191,142,26,143,143,240,90,49,9,91,132,105,108,99,129,235,154,211,122],},
	{
		id: 3204830195763654058,
		val: []uint8 len: 64, cap: 64, [27,57,163,111,221,47,43,183,63,230,4,100,108,16,186,76,87,42,177,58,38,85,158,222,220,152,245,163,76,135,76,194,86,33,230,91,164,133,37,41,181,164,233,193,178,191,142,26,143,143,240,90,49,9,91,132,105,108,99,129,235,154,211,122],},
	{
		id: 4151937124825921017,
		val: []uint8 len: 64, cap: 64, [27,57,163,111,221,47,43,183,63,230,4,100,108,16,186,76,87,42,177,58,38,85,158,222,220,152,245,163,76,135,76,194,86,33,230,91,164,133,37,41,181,164,233,193,178,191,142,26,143,143,240,90,49,9,91,132,105,108,99,129,235,154,211,122],},
	{
		id: 2038354632042919136,
		val: []uint8 len: 64, cap: 64, [27,57,163,111,221,47,43,183,63,230,4,100,108,16,186,76,87,42,177,58,38,85,158,222,220,152,245,163,76,135,76,194,86,33,230,91,164,133,37,41,181,164,233,193,178,191,142,26,143,143,240,90,49,9,91,132,105,108,99,129,235,154,211,122],},
	{
		id: 756034889477806821,
		val: []uint8 len: 64, cap: 64, [27,57,163,111,221,47,43,183,63,230,4,100,108,16,186,76,87,42,177,58,38,85,158,222,220,152,245,163,76,135,76,194,86,33,230,91,164,133,37,41,181,164,233,193,178,191,142,26,143,143,240,90,49,9,91,132,105,108,99,129,235,154,211,122],},
	{
		id: 8923660831665903600,
		val: []uint8 len: 64, cap: 64, [27,57,163,111,221,47,43,183,63,230,4,100,108,16,186,76,87,42,177,58,38,85,158,222,220,152,245,163,76,135,76,194,86,33,230,91,164,133,37,41,181,164,233,193,178,191,142,26,143,143,240,90,49,9,91,132,105,108,99,129,235,154,211,122],},
	{
		id: 4198382953371801815,
		val: []uint8 len: 64, cap: 64, [27,57,163,111,221,47,43,183,63,230,4,100,108,16,186,76,87,42,177,58,38,85,158,222,220,152,245,163,76,135,76,194,86,33,230,91,164,133,37,41,181,164,233,193,178,191,142,26,143,143,240,90,49,9,91,132,105,108,99,129,235,154,211,122],},
	{
		id: 7101728555288180259,
		val: []uint8 len: 64, cap: 64, [27,57,163,111,221,47,43,183,63,230,4,100,108,16,186,76,87,42,177,58,38,85,158,222,220,152,245,163,76,135,76,194,86,33,230,91,164,133,37,41,181,164,233,193,178,191,142,26,143,143,240,90,49,9,91,132,105,108,99,129,235,154,211,122],},
	{
		id: 1210013397032407120,
		val: []uint8 len: 64, cap: 64, [27,57,163,111,221,47,43,183,63,230,4,100,108,16,186,76,87,42,177,58,38,85,158,222,220,152,245,163,76,135,76,194,86,33,230,91,164,133,37,41,181,164,233,193,178,191,142,26,143,143,240,90,49,9,91,132,105,108,99,129,235,154,211,122],},
	{
		id: 5219198308238193528,
		val: []uint8 len: 64, cap: 64, [27,57,163,111,221,47,43,183,63,230,4,100,108,16,186,76,87,42,177,58,38,85,158,222,220,152,245,163,76,135,76,194,86,33,230,91,164,133,37,41,181,164,233,193,178,191,142,26,143,143,240,90,49,9,91,132,105,108,99,129,235,154,211,122],},
	{
		id: 4525306716757833884,
		val: []uint8 len: 64, cap: 64, [27,57,163,111,221,47,43,183,63,230,4,100,108,16,186,76,87,42,177,58,38,85,158,222,220,152,245,163,76,135,76,194,86,33,230,91,164,133,37,41,181,164,233,193,178,191,142,26,143,143,240,90,49,9,91,132,105,108,99,129,235,154,211,122],},
	{
		id: 2001442147915836917,
		val: []uint8 len: 64, cap: 64, [27,57,163,111,221,47,43,183,63,230,4,100,108,16,186,76,87,42,177,58,38,85,158,222,220,152,245,163,76,135,76,194,86,33,230,91,164,133,37,41,181,164,233,193,178,191,142,26,143,143,240,90,49,9,91,132,105,108,99,129,235,154,211,122],},
	{
		id: 6157646211177462675,
		val: []uint8 len: 64, cap: 64, [27,57,163,111,221,47,43,183,63,230,4,100,108,16,186,76,87,42,177,58,38,85,158,222,220,152,245,163,76,135,76,194,86,33,230,91,164,133,37,41,181,164,233,193,178,191,142,26,143,143,240,90,49,9,91,132,105,108,99,129,235,154,211,122],},
	{
		id: 3588411843553153217,
		val: []uint8 len: 64, cap: 64, [27,57,163,111,221,47,43,183,63,230,4,100,108,16,186,76,87,42,177,58,38,85,158,222,220,152,245,163,76,135,76,194,86,33,230,91,164,133,37,41,181,164,233,193,178,191,142,26,143,143,240,90,49,9,91,132,105,108,99,129,235,154,211,122],},
	{
		id: 4059157342224776055,
		val: []uint8 len: 64, cap: 64, [27,57,163,111,221,47,43,183,63,230,4,100,108,16,186,76,87,42,177,58,38,85,158,222,220,152,245,163,76,135,76,194,86,33,230,91,164,133,37,41,181,164,233,193,178,191,142,26,143,143,240,90,49,9,91,132,105,108,99,129,235,154,211,122],},
	{
		id: 9207997407084704522,
		val: []uint8 len: 64, cap: 64, [27,57,163,111,221,47,43,183,63,230,4,100,108,16,186,76,87,42,177,58,38,85,158,222,220,152,245,163,76,135,76,194,86,33,230,91,164,133,37,41,181,164,233,193,178,191,142,26,143,143,240,90,49,9,91,132,105,108,99,129,235,154,211,122],},
	{
		id: 302673011603003421,
		val: []uint8 len: 64, cap: 64, [27,57,163,111,221,47,43,183,63,230,4,100,108,16,186,76,87,42,177,58,38,85,158,222,220,152,245,163,76,135,76,194,86,33,230,91,164,133,37,41,181,164,233,193,178,191,142,26,143,143,240,90,49,9,91,132,105,108,99,129,235,154,211,122],},
	{
		id: 2427113140670896624,
		val: []uint8 len: 64, cap: 64, [27,57,163,111,221,47,43,183,63,230,4,100,108,16,186,76,87,42,177,58,38,85,158,222,220,152,245,163,76,135,76,194,86,33,230,91,164,133,37,41,181,164,233,193,178,191,142,26,143,143,240,90,49,9,91,132,105,108,99,129,235,154,211,122],},
	{
		id: 3949956415341892322,
		val: []uint8 len: 64, cap: 64, [27,57,163,111,221,47,43,183,63,230,4,100,108,16,186,76,87,42,177,58,38,85,158,222,220,152,245,163,76,135,76,194,86,33,230,91,164,133,37,41,181,164,233,193,178,191,142,26,143,143,240,90,49,9,91,132,105,108,99,129,235,154,211,122],},
	{
		id: 911755937249800616,
		val: []uint8 len: 64, cap: 64, [27,57,163,111,221,47,43,183,63,230,4,100,108,16,186,76,87,42,177,58,38,85,158,222,220,152,245,163,76,135,76,194,86,33,230,91,164,133,37,41,181,164,233,193,178,191,142,26,143,143,240,90,49,9,91,132,105,108,99,129,235,154,211,122],},
	{
		id: 207187916340708054,
		val: []uint8 len: 64, cap: 64, [27,57,163,111,221,47,43,183,63,230,4,100,108,16,186,76,87,42,177,58,38,85,158,222,220,152,245,163,76,135,76,194,86,33,230,91,164,133,37,41,181,164,233,193,178,191,142,26,143,143,240,90,49,9,91,132,105,108,99,129,235,154,211,122],},
	{
		id: 8685443574379551565,
		val: []uint8 len: 64, cap: 64, [27,57,163,111,221,47,43,183,63,230,4,100,108,16,186,76,87,42,177,58,38,85,158,222,220,152,245,163,76,135,76,194,86,33,230,91,164,133,37,41,181,164,233,193,178,191,142,26,143,143,240,90,49,9,91,132,105,108,99,129,235,154,211,122],},
	{
		id: 3733038549661010961,
		val: []uint8 len: 64, cap: 64, [27,57,163,111,221,47,43,183,63,230,4,100,108,16,186,76,87,42,177,58,38,85,158,222,220,152,245,163,76,135,76,194,86,33,230,91,164,133,37,41,181,164,233,193,178,191,142,26,143,143,240,90,49,9,91,132,105,108,99,129,235,154,211,122],},
	{
		id: 5685897123094948608,
		val: []uint8 len: 64, cap: 64, [27,57,163,111,221,47,43,183,63,230,4,100,108,16,186,76,87,42,177,58,38,85,158,222,220,152,245,163,76,135,76,194,86,33,230,91,164,133,37,41,181,164,233,193,178,191,142,26,143,143,240,90,49,9,91,132,105,108,99,129,235,154,211,122],},
	{
		id: 6678913872633950807,
		val: []uint8 len: 64, cap: 64, [27,57,163,111,221,47,43,183,63,230,4,100,108,16,186,76,87,42,177,58,38,85,158,222,220,152,245,163,76,135,76,194,86,33,230,91,164,133,37,41,181,164,233,193,178,191,142,26,143,143,240,90,49,9,91,132,105,108,99,129,235,154,211,122],},
	{
		id: 4356206919120802411,
		val: []uint8 len: 64, cap: 64, [27,57,163,111,221,47,43,183,63,230,4,100,108,16,186,76,87,42,177,58,38,85,158,222,220,152,245,163,76,135,76,194,86,33,230,91,164,133,37,41,181,164,233,193,178,191,142,26,143,143,240,90,49,9,91,132,105,108,99,129,235,154,211,122],},
	{
		id: 6380541794528929757,
		val: []uint8 len: 64, cap: 64, [27,57,163,111,221,47,43,183,63,230,4,100,108,16,186,76,87,42,177,58,38,85,158,222,220,152,245,163,76,135,76,194,86,33,230,91,164,133,37,41,181,164,233,193,178,191,142,26,143,143,240,90,49,9,91,132,105,108,99,129,235,154,211,122],},
	...+36 more
]
(dlv) find_array "buf", lambda x: x.id == 5685897123094948608
found at index:  60
(dlv) print buf[60]
main.packet {
	id: 5685897123094948608,
	val: []uint8 len: 64, cap: 64, [27,57,163,111,221,47,43,183,63,230,4,100,108,16,186,76,87,42,177,58,38,85,158,222,220,152,245,163,76,135,76,194,86,33,230,91,164,133,37,41,181,164,233,193,178,191,142,26,143,143,240,90,49,9,91,132,105,108,99,129,235,154,211,122],}
(dlv) source switch_to_goroutine_running.star
(dlv) list
> [m65] main.consumeValues() ./main.go:65 (hits goroutine(36):1 total:1) (PC: 0x4b67b7)
    60:				return
    61:			case pkt := <-ch:
    62:				// Store data in our buffer.
    63:				buf = append(buf, pkt)
    64:	
=>  65:				fmt.Println("got value:", binary.LittleEndian.Uint64(pkt.val))
    66:	
    67:				if bytes.Contains(pkt.val, []byte{0xcc, 0xff}) {
    68:					fmt.Printf("got invalid packet with ID: %d\n", pkt.id)
    69:				}
    70:			}
(dlv) goroutines
  Goroutine 1 - User: /usr/local/go/src/runtime/sema.go:56 sync.runtime_Semacquire (0x461825) [semacquire]
  Goroutine 2 - User: /usr/local/go/src/runtime/proc.go:362 runtime.gopark (0x438e52) [force gc (idle)]
  Goroutine 3 - User: /usr/local/go/src/runtime/proc.go:362 runtime.gopark (0x438e52) [GC sweep wait]
  Goroutine 4 - User: /usr/local/go/src/runtime/proc.go:362 runtime.gopark (0x438e52) [GC scavenge wait]
  Goroutine 17 - User: /usr/local/go/src/runtime/proc.go:362 runtime.gopark (0x438e52) [finalizer wait]
  Goroutine 18 - User: /usr/local/go/src/runtime/proc.go:362 runtime.gopark (0x438e52) [select]
  Goroutine 33 - User: /usr/local/go/src/runtime/sigqueue.go:151 os/signal.signal_recv (0x461b2f) (thread 2524406)
  Goroutine 34 - User: ./main.go:87 main.main.func1 (0x4b6ac9) [chan receive]
  Goroutine 35 - User: /usr/local/go/src/runtime/time.go:194 time.Sleep (0x461f7b) [sleep]
* Goroutine 36 - User: ./main.go:65 main.consumeValues (0x4b67b7) (thread 2524403)
[10 goroutines]
(dlv) switch_to_g_running "main.produceValues"
Switched from 36 to 35 (thread 2524403)
(dlv) config alias goroutines gs
(dlv) gs
  Goroutine 1 - User: /usr/local/go/src/runtime/sema.go:56 sync.runtime_Semacquire (0x461825) [semacquire]
  Goroutine 2 - User: /usr/local/go/src/runtime/proc.go:362 runtime.gopark (0x438e52) [force gc (idle)]
  Goroutine 3 - User: /usr/local/go/src/runtime/proc.go:362 runtime.gopark (0x438e52) [GC sweep wait]
  Goroutine 4 - User: /usr/local/go/src/runtime/proc.go:362 runtime.gopark (0x438e52) [GC scavenge wait]
  Goroutine 17 - User: /usr/local/go/src/runtime/proc.go:362 runtime.gopark (0x438e52) [finalizer wait]
  Goroutine 18 - User: /usr/local/go/src/runtime/proc.go:362 runtime.gopark (0x438e52) [select]
  Goroutine 33 - User: /usr/local/go/src/runtime/sigqueue.go:151 os/signal.signal_recv (0x461b2f) (thread 2524406)
  Goroutine 34 - User: ./main.go:87 main.main.func1 (0x4b6ac9) [chan receive]
* Goroutine 35 - User: /usr/local/go/src/runtime/time.go:194 time.Sleep (0x461f7b) [sleep]
  Goroutine 36 - User: ./main.go:65 main.consumeValues (0x4b67b7) (thread 2524403)
[10 goroutines]
(dlv) source goroutine_start_line.star
(dlv) gsl
1 	 /usr/local/go/src/runtime/proc.go:145 	 func main() {
2 	 /usr/local/go/src/runtime/proc.go:292 	 func forcegchelper() {
3 	 /usr/local/go/src/runtime/mgc.go:177 	 go bgsweep(c)
4 	 /usr/local/go/src/runtime/mgc.go:178 	 go bgscavenge(c)
17 	 /usr/local/go/src/runtime/mfinal.go:162 	 func runfinq() {
18 	 /usr/local/go/src/runtime/signal_unix.go:956 	 go func() {
33 	 /usr/local/go/src/os/signal/signal_unix.go:21 	 func loop() {
34 	 /home/deparker/Code/ultimate-go-debugging/day-3/scripting/main.go:85 	 go func(sch <-chan os.Signal, cncl func()) {
35 	 /home/deparker/Code/ultimate-go-debugging/day-3/scripting/main.go:22 	 func produceValues(ctx context.Context, wg *sync.WaitGroup, ch chan<- packet) {
36 	 /home/deparker/Code/ultimate-go-debugging/day-3/scripting/main.go:50 	 func consumeValues(ctx context.Context, wg *sync.WaitGroup, ch <-chan packet) {
(dlv) exit
